This is a 4*3 distribution network.

load =

     3     1     1
     2     4     2
     2     2     1
     2     4     2

Intial current:-
    90   110    60
    60   100    50
    40    60    30
    20    40    20

The probelm is at (2,2)
     1     1
     1     1
     1     1

     3     2

Non trivial case
logic3:-
     1
     0
     0

Final Current in each bus is:-
   130    10    60
   100     0    50
    40     0    30
    20    40    20


a =

     1     1     1
     1     0     1
     1     0     1
     1     1     1


b =

     0     0
     1     0
     0     0
     0     0