load =

     3     4     3
     3     4     4
     2     2     1
     4     1     1

Intial current:-
   120   110    90
    90    70    60
    60    30    20
    40    10    10

The probelm is at (4,3)

Final current in each bus:-
   120   110    90
    90    70    60
    60    30    20
    50    10    10


a =

     1     1     1
     1     1     1
     1     1     1
     1     1     0


b =

     0     0
     0     0
     2     3
     2     3
